arm_pose:
  home: [0.052110824862029406, 1.6504915997012053, 0.6110209011934232, -2.204320174983982, 1.82235297205681, 2.0653875609382055, 9.586364021524787e-05, 4.693209010688541, 5.734204083144525, 2.204337580660823, -1.9960762870139437, 1.2322970561111344]
  pick: [0.6992535816455534, 1.3448285667648554, 1.6788709587652206, -2.5964881094158003, 1.543228216663173, 0.8628290661054863, -0.8974066003181504, 4.955051676266042, 4.879916791844716, 5.040274028342491, -4.383829689950012, 4.19193876472422]
  out: [0.33887052077529106, 1.3038820372740596, 0.7731120616649589, -2.499210332616153, 1.994593293584222, 1.4486496079405466, -0.32864740900463507, 4.8492291969602, 5.736553459593088, 2.6884229171874385, -2.4154413760013522, 1.6711912329417504]






